%YAML:1.0
---
intrinsic_left: !!opencv-matrix
   rows: 3
   cols: 3
   dt: d
   data: [ 3.1573083528454922e+03, 0., 1.9812401890069320e+03, 0.,
       3.1615329643900127e+03, 1.4746392933353113e+03, 0., 0., 1. ]
distCoeffs_left: !!opencv-matrix
   rows: 1
   cols: 5
   dt: d
   data: [ -4.9016244609038001e-02, 3.7502727434777477e-01,
       -7.0586964814104607e-04, 4.1969088081887755e-03,
       -6.8302620322525875e-01 ]
board_width: 8
board_height: 6
square_size: 1.0000000000000000e-02
R_left:
   - !!opencv-matrix
      rows: 3
      cols: 1
      dt: d
      data: [ -4.3414112449835715e-02, -2.5707217471668165e-01,
          -1.8047093476981142e-02 ]
   - !!opencv-matrix
      rows: 3
      cols: 1
      dt: d
      data: [ 2.8874099663471865e-02, -3.8666760948707996e-02,
          6.0535370473200354e-03 ]
   - !!opencv-matrix
      rows: 3
      cols: 1
      dt: d
      data: [ 2.4937166329863375e-01, -5.1980918511933767e-02,
          -6.7430718355511758e-03 ]
   - !!opencv-matrix
      rows: 3
      cols: 1
      dt: d
      data: [ -2.1192540746157740e-01, -1.2335184070086706e-01,
          -1.6234723808827175e-02 ]
   - !!opencv-matrix
      rows: 3
      cols: 1
      dt: d
      data: [ 2.2375510292002551e-01, -1.2691793814866276e-01,
          -2.1321888624968123e-02 ]
   - !!opencv-matrix
      rows: 3
      cols: 1
      dt: d
      data: [ 3.1369055373548066e-01, -4.9856690065436353e-02,
          -1.0231798602045100e-02 ]
   - !!opencv-matrix
      rows: 3
      cols: 1
      dt: d
      data: [ -4.8561247347539823e-03, -2.1176964640214466e-01,
          -1.2576173172785865e-02 ]
   - !!opencv-matrix
      rows: 3
      cols: 1
      dt: d
      data: [ -6.6402346137327151e-02, -2.8730182454416730e-02,
          -8.6198772226056541e-03 ]
T_left:
   - !!opencv-matrix
      rows: 3
      cols: 1
      dt: d
      data: [ 8.3252802180377490e+00, -3.0511613046755041e+01,
          3.0771240554206616e+02 ]
   - !!opencv-matrix
      rows: 3
      cols: 1
      dt: d
      data: [ 2.3574848264199524e+00, 7.6936733419329357e+00,
          2.2259557318365469e+02 ]
   - !!opencv-matrix
      rows: 3
      cols: 1
      dt: d
      data: [ 3.4298755187892873e+01, 5.6323711142016935e+00,
          2.1991367061369522e+02 ]
   - !!opencv-matrix
      rows: 3
      cols: 1
      dt: d
      data: [ 2.7094653317513622e+01, -5.0992985732420671e+01,
          2.6159373203909212e+02 ]
   - !!opencv-matrix
      rows: 3
      cols: 1
      dt: d
      data: [ 1.0261149897615072e+01, 9.9696568033576494e+00,
          2.3348433060930770e+02 ]
   - !!opencv-matrix
      rows: 3
      cols: 1
      dt: d
      data: [ 1.8570222816861509e+01, 1.8989701510356518e+01,
          2.2734525592617538e+02 ]
   - !!opencv-matrix
      rows: 3
      cols: 1
      dt: d
      data: [ 2.5409008890268240e+01, -3.5329717460834523e+01,
          2.1048692667757481e+02 ]
   - !!opencv-matrix
      rows: 3
      cols: 1
      dt: d
      data: [ -1.9969552568417093e+01, -2.8087142402645597e+01,
          2.1852068373713723e+02 ]
intrinsic_right: !!opencv-matrix
   rows: 3
   cols: 3
   dt: d
   data: [ 3.1731079022154977e+03, 0., 1.9664210763923127e+03, 0.,
       3.1776451215123111e+03, 1.4821540968422728e+03, 0., 0., 1. ]
distCoeffs_right: !!opencv-matrix
   rows: 1
   cols: 5
   dt: d
   data: [ 6.8010021377477900e-02, -9.2622748573222302e-01,
       -2.1601870459113282e-03, 7.6055321326067558e-04,
       4.4282418952343896e+00 ]
R_right:
   - !!opencv-matrix
      rows: 3
      cols: 1
      dt: d
      data: [ -7.2739671155361188e-02, 9.5000495473237911e-02,
          4.6704733852599795e-02 ]
   - !!opencv-matrix
      rows: 3
      cols: 1
      dt: d
      data: [ 3.0543621841424201e-02, 5.4529771484862613e-02,
          2.2314248717240644e-02 ]
   - !!opencv-matrix
      rows: 3
      cols: 1
      dt: d
      data: [ 1.3146453284631002e-01, 1.6573832601308439e-01,
          7.3140627939658129e-02 ]
   - !!opencv-matrix
      rows: 3
      cols: 1
      dt: d
      data: [ -1.6638730456490711e-01, 6.4149183639407609e-02,
          -8.1825089571388732e-03 ]
   - !!opencv-matrix
      rows: 3
      cols: 1
      dt: d
      data: [ 1.9120416316702094e-01, 9.7545196565649403e-02,
          2.9116508102438151e-02 ]
   - !!opencv-matrix
      rows: 3
      cols: 1
      dt: d
      data: [ 2.9962675878759476e-01, 8.6492783541901930e-02,
          -1.1005107588309740e-03 ]
   - !!opencv-matrix
      rows: 3
      cols: 1
      dt: d
      data: [ -2.8503015431244411e-02, -8.9574724321841312e-02,
          -1.1188175738418227e-02 ]
   - !!opencv-matrix
      rows: 3
      cols: 1
      dt: d
      data: [ -6.5367083383777974e-02, -3.5104616245339039e-02,
          -1.0038710621061672e-02 ]
T_right:
   - !!opencv-matrix
      rows: 3
      cols: 1
      dt: d
      data: [ -7.7661003153915669e+00, -3.5650490227965925e+01,
          3.0976297560113676e+02 ]
   - !!opencv-matrix
      rows: 3
      cols: 1
      dt: d
      data: [ -3.2253259835341069e+01, 7.0617111033982471e-01,
          2.3341498392967225e+02 ]
   - !!opencv-matrix
      rows: 3
      cols: 1
      dt: d
      data: [ -3.0994537145635011e+01, 1.4834642881655726e+00,
          2.4134409279468937e+02 ]
   - !!opencv-matrix
      rows: 3
      cols: 1
      dt: d
      data: [ -3.9731380606680752e+01, -4.6364353701059272e+01,
          2.5439639072128813e+02 ]
   - !!opencv-matrix
      rows: 3
      cols: 1
      dt: d
      data: [ -6.8395815016672174e+01, 1.6556989875972935e+01,
          2.3637824680751319e+02 ]
   - !!opencv-matrix
      rows: 3
      cols: 1
      dt: d
      data: [ -5.2366339750767125e+01, 1.1516286343687119e+01,
          2.3341837027653969e+02 ]
   - !!opencv-matrix
      rows: 3
      cols: 1
      dt: d
      data: [ -4.6304973641164864e+00, -3.3249045837685657e+01,
          2.2472918155120178e+02 ]
   - !!opencv-matrix
      rows: 3
      cols: 1
      dt: d
      data: [ -2.4104072341677071e+01, -2.8736382132047030e+01,
          2.2012854890646858e+02 ]
R_total: !!opencv-matrix
   rows: 3
   cols: 3
   dt: d
   data: [ 7.4519545223548755e-01, 3.0050248544353723e-02,
       6.6616868774355487e-01, 3.1789520283264094e-02,
       9.9624750992318911e-01, -8.0500468147739618e-02,
       -6.6608795542909149e-01, 8.1165765777622439e-02,
       7.4144383071007136e-01 ]
T_total: [ -1.8484326962815862e+02, 1.7721473791170951e+01,
    9.7705768153527671e+01 ]
R_left: !!opencv-matrix
   rows: 3
   cols: 3
   dt: d
   data: [ 9.6394333675495592e-01, -9.5463030837160887e-02,
       2.4839495419413243e-01, 1.0196360184557034e-01,
       9.9469777926559733e-01, -1.3407155655355621e-02,
       -2.4579802160391748e-01, 3.8250982568715779e-02,
       9.6856605087527614e-01 ]
R_right: !!opencv-matrix
   rows: 3
   cols: 3
   dt: d
   data: [ 8.8093044363666595e-01, -8.4457420603717220e-02,
       -4.6564846996320519e-01, 9.6942300593015063e-02,
       9.9528584201528747e-01, 2.8780270418577109e-03,
       4.6321025877007588e-01, -4.7676375584632599e-02,
       8.8496509500729592e-01 ]
P1: !!opencv-matrix
   rows: 3
   cols: 4
   dt: d
   data: [ 3.1695890429511619e+03, 0., 2.4221280937194824e+03, 0., 0.,
       3.1695890429511619e+03, 1.4816525039672852e+03, 0., 0., 0., 1.,
       0. ]
P2: !!opencv-matrix
   rows: 3
   cols: 4
   dt: d
   data: [ 3.1695890429511619e+03, 0., 2.4221280937194824e+03,
       -6.6506635831321147e+05, 0., 3.1695890429511619e+03,
       1.4816525039672852e+03, 0., 0., 0., 1., 0. ]
